59
84
73
9
71
99
0
34
40
21
27
20
88
24
57
36
34
10
56
93
96
84
71
39
42
10
43
48
76
50
24
79
53
48
38
33
16
57
90
85
85
81
60
51
48
79
68
14
44
47
81
17
95
95
95
24
47
31
30
34
36
14
14
28
3
83
81
36
94
41
64
17
78
74
80
23
50
50
42
87
4
60
78
14
32
94
82
15
84
43
53
64
67
71
74
76
79
62
1
3
69
92
4
12
80
27
41
78
5
61
56
55
3
57
26
21
35
42
22
91
77
22
53
54
71
42
33
60
70
33
73
29
84
34
18
8
98
89
81
60
4
22
39
72
51
10
84
84
46
88
99
19
79
85
47
42
59
68
52
40
82
27
41
60
83
30
75
18
67
51
60
27
12
96
64
36
26
50
46
33
21
59
14
13
1
62
47
19
64
55
81
87
89
80
30
18
87
20
70
86
46
88
28
38
14
34
9
45
34
61
7
29
55
41
47
8
75
29
52
53
71
86
28
92
52
42
67
13
11
86
81
93
10
3
21
11
36
4
35
42
96
31
63
13
35
55
2
16
45
4
61
65
44
95
3
59
82
88
0
90
54
0
10
84
21
41
11
75
42
30
27
55
13
24
16
39
72
17
77
84
85
23
1
96
21
43
98
84
34
28
60
62
47
52
33
31
41
97
71
84
59
44
69
84
46
61
37
25
92
98
48
97
2
71
34
2
70
84
9
65
39
27
65
76
48
89
42
18
57
22
98
80
46
85
51
14
99
30
72
35
41
86
58
52
14
7
6
27
39
68
20
21
28
59
24
16
69
7
60
73
92
52
44
8
7
19
47
62
82
82
23
34
24
47
95
96
12
39
82
8
93
57
49
13
23
72
16
23
97
35
30
88
83
11
74
9
4
22
52
8
96
48
92
73
31
0
98
20
70
38
24
7
48
35
23
96
74
18
64
42
12
95
87
61
37
88
94
63
4
19
92
36
52
66
20
18
13
30
80
63
2
49
55
47
60
53
73
7
55
56
21
97
53
1
93
0
34
2
98
12
99
45
96
54
75
73
32
97
39
49
40
34
80
59
46
17
93
0
15
45
97
76
3
40
96
29
97
41
59
49
66
45
82
50
32
75
26
76
78
49
86
73
76
99
30
39
5
57
73
52
82
51
23
59
47
63
40
23
46
39
43
10
76
75
18
58
42
4
17
20
69
31
27
87
59
51
67
21
5
53
9
80
97
20
73
80
88
62
43
1
67
5
37
59
54
41
7
76
22
96
97
11
7
59
85
68
95
62
13
57
37
67
97
20
80
5
84
95
25
35
36
11
35
81
5
56
26
85
84
89
21
54
45
58
81
81
47
68
83
87
40
10
77
1
63
99
14
53
30
68
76
72
25
6
91
76
99
20
89
94
80
40
54
86
60
96
95
75
0
40
31
51
52
2
37
18
19
73
98
25
29
1
98
71
44
2
30
76
6
77
93
88
87
89
19
61
35
29
59
61
39
50
33
1
71
95
87
46
38
66
72
86
84
69
38
42
54
69
83
3
90
66
58
97
1
73
40
6
44
37
86
38
80
7
45
89
59
12
42
46
3
32
50
61
31
22
97
20
5
67
74
69
63
69
73
87
61
58
22
45
35
51
64
76
80
28
83
68
36
4
17
90
0
36
29
82
94
62
1
13
73
74
95
33
34
11
47
58
79
48
23
54
82
7
34
5
93
89
28
8
51
76
23
75
8
8
71
75
94
64
81
77
1
74
63
13
5
35
4
59
54
87
92
95
1
62
53
99
41
86
75
52
69
15
95
73
54
24
63
70
14
28
3
24
59
57
4
65
13
78
36
36
1
5
83
78
40
24
59
36
16
36
60
40
51
26
58
87
61
36
50
76
82
18
40
1
78
62
74
53
46
71
3
37
73
68
9
53
91
35
30
86
74
20
95
82
89
13
96
98
26
7
8
57
46
43
91
78
3
51
34
59
19
58
86
26
28
75
23
20
4
38
49
69
83
87
71
88
41
56
78
83
54
19
78
42
78
48
0
16
57
55
18
65
77
64
49
13
81
68
15
2
4
2
82
96
83
58
45
70
41
5
18
69
66
8
35
82
50
28
96
32
76
88
30
3
45
90
45
54
31
95
56
59
94
73
72
28
38
67
94
40
49
65
22
93
71
94
48
27
60
35
50
44
60
41
97
93
8
78
86
44
98
69
92
44
2
93
73
61
53
63
64
18
36
96
3
17
45
47
89
81
20
18
33
31
72
54
72
1
